24.598754 46.523204 376.60
                    24.598754 46.523206 376.80
                    24.598753 46.523208 377.00
                    24.598753 46.523210 377.20
                    24.598752 46.523213 377.60
                    24.598752 46.523215 378.10
                    24.598751 46.523219 378.40
                    24.598750 46.523225 378.90
                    24.598750 46.523223 379.70
                    24.598750 46.523223 379.60
                    24.598750 46.523222 379.50
                    24.598750 46.523222 379.30
                    24.598750 46.523222 379.20
                    24.598749 46.523224 379.20
                    24.598748 46.523227 379.50
                    24.598747 46.523230 379.90
                    24.598746 46.523232 380.40
                    24.598746 46.523235 380.70
                    24.598745 46.523238 381.10
                    24.598745 46.523240 381.60
                    24.598744 46.523241 381.90
                    24.598744 46.523243 382.00
                    24.598743 46.523245 382.30
                    24.598743 46.523244 382.40
                    24.598743 46.523244 382.30
                    24.598743 46.523244 382.20
                    24.598742 46.523245 382.20
                    24.598742 46.523245 382.20
                    24.598742 46.523246 382.10
                    24.598742 46.523246 382.10
                    24.598742 46.523247 382.20
                    24.598741 46.523248 382.10
                    24.598741 46.523248 382.20
                    24.598741 46.523248 382.20
                    24.598741 46.523248 382.10
                    24.598741 46.523246 382.00
                    24.598741 46.523245 381.70
                    24.598741 46.523244 381.50
                    24.598741 46.523242 381.20
                    24.598741 46.523243 381.00
                    24.598741 46.523244 381.10
                    24.598741 46.523241 381.20
                    24.598741 46.523238 380.80
                    24.598742 46.523233 380.30
                    24.598743 46.523231 379.70
                    24.598743 46.523229 379.30
                    24.598744 46.523228 379.10
                    24.598744 46.523226 379.00
                    24.598744 46.523224 378.70
                    24.598744 46.523222 378.40
                    24.598744 46.523220 378.10
                    24.598745 46.523217 377.80
                    24.598745 46.523214 377.30
                    24.598746 46.523211 376.90
                    24.598747 46.523208 376.30
