24.598046 46.521676 0.30
24.598047 46.521671 0.30
24.598048 46.521666 0.40
24.598042 46.521663 0.40
24.598038 46.521659 0.40
24.598034 46.521656 0.40
24.598031 46.521652 0.40
24.598026 46.521649 0.40
24.598022 46.521646 0.40
24.598019 46.521642 0.40
24.598016 46.521639 0.40
24.598011 46.521636 0.40
24.598006 46.521636 0.40
24.598003 46.521634 0.40
24.597999 46.521639 0.40
24.597990 46.521639 0.60
24.597979 46.521640 0.40
24.597969 46.521640 0.40
24.597955 46.521642 0.30
24.597943 46.521643 0.30
24.597932 46.521638 0.30
24.597918 46.521631 0.20
24.597902 46.521629 0.20
24.597890 46.521625 0.30
24.597870 46.521621 0.40
24.597847 46.521614 0.50
24.597830 46.521606 0.40
24.597816 46.521598 0.30
24.597799 46.521595 0.30
24.597782 46.521592 0.40
24.597764 46.521589 0.50
24.597749 46.521583 0.50
24.597732 46.521580 0.30
24.597713 46.521574 0.40
24.597694 46.521566 0.40
24.597684 46.521562 0.40
24.597671 46.521553 0.50
24.597656 46.521545 0.40
24.597644 46.521538 0.50
24.597634 46.521527 0.50
24.597624 46.521516 0.40
24.597614 46.521505 0.50
24.597607 46.521494 0.50
24.597601 46.521485 0.50
24.597598 46.521473 0.50
24.597597 46.521461 0.50
24.597599 46.521453 0.50
24.597598 46.521441 0.50
24.597601 46.521431 0.50
24.597603 46.521421 0.50
24.597616 46.521400 0.50
24.597631 46.521385 0.40
24.597640 46.521375 0.50
24.597649 46.521366 0.50
24.597658 46.521353 0.50
24.597668 46.521339 0.50
24.597677 46.521329 0.50
24.597687 46.521319 0.50
24.597694 46.521309 0.50
24.597701 46.521300 0.50
24.597707 46.521292 0.50
24.597715 46.521283 0.50
24.597723 46.521275 0.50
24.597730 46.521269 0.40
24.597742 46.521258 0.30
24.597753 46.521251 0.30
24.597766 46.521242 0.30
24.597783 46.521234 0.20
24.597798 46.521224 0.20
24.597811 46.521219 0.30
24.597823 46.521214 0.20
24.597837 46.521207 0.30
24.597852 46.521204 0.30
24.597867 46.521201 0.30
24.597880 46.521201 0.30
24.597894 46.521202 0.40
24.597908 46.521202 0.40
24.597924 46.521203 0.30
24.597936 46.521207 0.30
24.597949 46.521212 0.40
24.597002 46.520915 0.40
24.597228 46.520586 1.60
24.597318 46.520425 1.10
24.597399 46.520339 0.70
24.597417 46.520283 0.60
24.597452 46.520247 0.30
24.597498 46.520223 0.20
24.597560 46.520207 0.10
24.597609 46.520193 0.10
24.597650 46.520182 0.10
24.597684 46.520175 0.10
24.597715 46.520171 0.10
24.597743 46.520169 0.10
24.597768 46.520170 0.10
24.597787 46.520174 0.20
24.597804 46.520180 0.20
24.597823 46.520190 0.20
24.597834 46.520197 0.20
24.597841 46.520206 0.20
24.597847 46.520215 0.20
24.597850 46.520225 0.20
24.597856 46.520240 0.20
24.597855 46.520250 0.20
24.597853 46.520260 0.20
24.597850 46.520269 0.20
24.597847 46.520281 0.20
24.597838 46.520293 0.20
24.597829 46.520303 0.20
24.597820 46.520314 0.20
24.597817 46.520324 0.20
24.597812 46.520333 0.20
24.597981 46.520227 0.20
24.598016 46.520295 0.60
24.598006 46.520310 0.60
24.598035 46.520372 0.60
24.598056 46.520411 0.60
24.598064 46.520441 0.60
24.598096 46.520492 0.60
24.598115 46.520531 0.60
24.598101 46.520565 0.60
24.598098 46.520601 0.60
24.598090 46.520625 0.60
24.598098 46.520632 0.60
24.598104 46.520653 0.60
24.598104 46.520662 0.50
24.598102 46.520666 0.50
24.598095 46.520671 0.50
24.598090 46.520675 0.50
24.598078 46.520682 0.50
24.598060 46.520683 0.70
24.598048 46.520686 0.60
24.598038 46.520685 0.60
24.598030 46.520687 0.50
24.598024 46.520691 0.50
24.598001 46.520699 0.50
24.597999 46.520710 0.70
24.597990 46.520712 0.60
24.597985 46.520714 0.60
24.597980 46.520719 0.50
24.597976 46.520731 0.50
24.597970 46.520729 0.50
24.597963 46.520729 0.40
24.597955 46.520734 0.40
24.597949 46.520737 0.70
24.597943 46.520739 0.70
24.597942 46.520743 0.70
24.597943 46.520744 0.70
24.597944 46.520743 0.70
24.597937 46.520738 0.70
24.597930 46.520733 0.70
24.597922 46.520728 0.80
24.597916 46.520722 0.70
24.597907 46.520721 0.70
24.597898 46.520721 0.70
24.597893 46.520723 0.70
24.597885 46.520725 0.70
24.597879 46.520724 0.70
24.597875 46.520720 0.70
24.597870 46.520718 0.60
24.597865 46.520716 0.70
24.597860 46.520713 0.70
24.597854 46.520712 0.60
24.597854 46.520715 0.70
24.597855 46.520716 0.70
24.597857 46.520716 0.70
24.597859 46.520716 0.70
24.597867 46.520719 0.60
24.597869 46.520718 0.60
24.597871 46.520720 0.60
24.597873 46.520720 0.70
24.597875 46.520721 0.70
24.597877 46.520722 0.70
24.597879 46.520723 0.70
24.597881 46.520723 0.70
24.597890 46.520726 0.60
24.597897 46.520728 0.60
24.597903 46.520728 0.60
24.597907 46.520728 0.60
24.597910 46.520727 0.70
24.597913 46.520727 0.70
24.597914 46.520726 0.70
24.597915 46.520725 0.70
24.597917 46.520724 0.70
